variable Erk {
  type discrete [ 3 ] { 0, 1, 2 };
}
variable Akt {
  type discrete [ 3 ] { 0, 1, 2 };
}
variable PKA {
  type discrete [ 3 ] { 0, 1, 2 };
}
variable Mek {
  type discrete [ 3 ] { 0, 1, 2 };
}
variable Jnk {
  type discrete [ 3 ] { 0, 1, 2 };
}
variable PKC {
  type discrete [ 3 ] { 0, 1, 2 };
}
variable Raf {
  type discrete [ 3 ] { 0, 1, 2 };
}
variable P38 {
  type discrete [ 3 ] { 0, 1, 2 };
}
variable PIP3 {
  type discrete [ 3 ] { 0, 1, 2 };
}
variable PIP2 {
  type discrete [ 3 ] { 0, 1, 2 };
}
variable Plcg {
  type discrete [ 3 ] { 0, 1, 2 };
}
probability ( Erk | PKA ) {
  (0) 0.3746031746031746, 0.14285714285714285, 0.48253968253968255;
  (1) 0.07488584474885844, 0.7114155251141553, 0.2136986301369863;
  (2) 0.06842105263157895, 0.7, 0.23157894736842105;
}
probability ( Akt ) {
  table 0.599375, 0.310625, 0.09;
}
probability ( PKA | Mek, Jnk ) {
  (0, 0) 0.07692307692307693, 0.5879120879120879, 0.33516483516483514;
  (0, 1) 0.08620689655172414, 0.8994252873563219, 0.014367816091954023;
  (0, 2) 0.975, 0.025, 0.0;
  (1, 0) 0.04659498207885305, 0.9498207885304659, 0.0035842293906810036;
  (1, 1) 0.07, 0.93, 0.0;
  (1, 2) 0.75, 0.25, 0.0;
  (2, 0) 0.8947368421052632, 0.08771929824561403, 0.017543859649122806;
  (2, 1) 0.9210526315789473, 0.07894736842105263, 0.0;
  (2, 2) 1.0, 0.0, 0.0;
}
probability ( Mek | Akt ) {
  (0) 0.656934306569343, 0.32116788321167883, 0.021897810218978103;
  (1) 0.6056338028169014, 0.3420523138832998, 0.052313883299798795;
  (2) 0.020833333333333332, 0.034722222222222224, 0.9444444444444444;
}
probability ( Jnk | P38, Raf ) {
  (0, 0) 0.5669064748201439, 0.4287769784172662, 0.004316546762589928;
  (0, 1) 0.6167146974063401, 0.36023054755043227, 0.023054755043227664;
  (0, 2) 0.5220125786163522, 0.32075471698113206, 0.15723270440251572;
  (1, 0) 0.5855855855855856, 0.40540540540540543, 0.009009009009009009;
  (1, 1) 0.5833333333333334, 0.4027777777777778, 0.013888888888888888;
  (1, 2) 0.5161290322580645, 0.25806451612903225, 0.22580645161290322;
  (2, 0) 0.8620689655172413, 0.06896551724137931, 0.06896551724137931;
  (2, 1) 0.22580645161290322, 0.1935483870967742, 0.5806451612903226;
  (2, 2) 0.288, 0.176, 0.536;
}
probability ( PKC | PKA ) {
  (0) 0.834920634920635, 0.1619047619047619, 0.0031746031746031746;
  (1) 0.21643835616438356, 0.6547945205479452, 0.12876712328767123;
  (2) 0.9, 0.07368421052631578, 0.02631578947368421;
}
probability ( Raf | Mek ) {
  (0) 0.7002141327623126, 0.16167023554603854, 0.1381156316916488;
  (1) 0.3747412008281574, 0.5734989648033126, 0.051759834368530024;
  (2) 0.0, 0.12021857923497267, 0.8797814207650273;
}
probability ( P38 | Mek ) {
  (0) 0.784796573875803, 0.1349036402569593, 0.08029978586723768;
  (1) 0.8426501035196687, 0.14906832298136646, 0.008281573498964804;
  (2) 0.3333333333333333, 0.08743169398907104, 0.5792349726775956;
}
probability ( PIP3 ) {
  table 0.419375, 0.359375, 0.22125;
}
probability ( PIP2 | PIP3 ) {
  (0) 0.8192090395480226, 0.09887005649717515, 0.08192090395480225;
  (1) 0.886736214605067, 0.046199701937406856, 0.06706408345752608;
  (2) 0.808695652173913, 0.14608695652173914, 0.04521739130434783;
}
probability ( Plcg | PIP2 ) {
  (0) 0.9237037037037037, 0.0637037037037037, 0.012592592592592593;
  (1) 0.29333333333333333, 0.32, 0.38666666666666666;
  (2) 0.03, 0.02, 0.95;
}
