variable Erk {
  type discrete [ 3 ] { 0, 1, 2 };
}
variable Akt {
  type discrete [ 3 ] { 0, 1, 2 };
}
variable PKA {
  type discrete [ 3 ] { 0, 1, 2 };
}
variable Mek {
  type discrete [ 3 ] { 0, 1, 2 };
}
variable Jnk {
  type discrete [ 3 ] { 0, 1, 2 };
}
variable PKC {
  type discrete [ 3 ] { 0, 1, 2 };
}
variable Raf {
  type discrete [ 3 ] { 0, 1, 2 };
}
variable P38 {
  type discrete [ 3 ] { 0, 1, 2 };
}
variable PIP3 {
  type discrete [ 3 ] { 0, 1, 2 };
}
variable PIP2 {
  type discrete [ 3 ] { 0, 1, 2 };
}
variable Plcg {
  type discrete [ 3 ] { 0, 1, 2 };
}
probability ( Erk | Jnk, Akt ) {
  (0, 0) 0.1111111111111111, 0.8333333333333334, 0.05555555555555555;
  (0, 1) 0.10820895522388059, 0.34328358208955223, 0.5485074626865671;
  (0, 2) 0.02127659574468085, 0.02127659574468085, 0.9574468085106383;
  (1, 0) 0.13165266106442577, 0.8291316526610645, 0.0392156862745098;
  (1, 1) 0.18269230769230768, 0.375, 0.4423076923076923;
  (1, 2) 0.03333333333333333, 0.03333333333333333, 0.9333333333333333;
  (2, 0) 0.6857142857142857, 0.2857142857142857, 0.02857142857142857;
  (2, 1) 0.5666666666666667, 0.23333333333333334, 0.2;
  (2, 2) 0.013157894736842105, 0.013157894736842105, 0.9736842105263158;
}
probability ( Akt | PKC, P38 ) {
  (0, 0) 0.6063348416289592, 0.31447963800904977, 0.07918552036199095;
  (0, 1) 0.5, 0.3103448275862069, 0.1896551724137931;
  (0, 2) 0.29444444444444445, 0.18888888888888888, 0.5166666666666667;
  (1, 0) 0.6516329704510109, 0.3390357698289269, 0.00933125972006221;
  (1, 1) 0.6594202898550725, 0.3115942028985507, 0.028985507246376812;
  (1, 2) 0.5, 0.4, 0.1;
  (2, 0) 0.688, 0.304, 0.008;
  (2, 1) 0.5925925925925926, 0.37037037037037035, 0.037037037037037035;
  (2, 2) 0.25, 0.5, 0.25;
}
probability ( PKA | Raf ) {
  (0) 0.045346062052505964, 0.7649164677804295, 0.18973747016706444;
  (1) 0.1346578366445916, 0.8057395143487859, 0.059602649006622516;
  (2) 0.6886792452830188, 0.2893081761006289, 0.0220125786163522;
}
probability ( Mek | PKA, Raf ) {
  (0, 0) 0.75, 0.225, 0.025;
  (0, 1) 0.31746031746031744, 0.31746031746031744, 0.36507936507936506;
  (0, 2) 0.2895927601809955, 0.01809954751131222, 0.6923076923076923;
  (1, 0) 0.7293934681181959, 0.2690513219284603, 0.0015552099533437014;
  (1, 1) 0.29155313351498635, 0.7057220708446866, 0.0027247956403269754;
  (1, 2) 0.6595744680851063, 0.24468085106382978, 0.09574468085106383;
  (2, 0) 0.9813664596273292, 0.012422360248447204, 0.006211180124223602;
  (2, 1) 0.9310344827586207, 0.034482758620689655, 0.034482758620689655;
  (2, 2) 0.6666666666666666, 0.1111111111111111, 0.2222222222222222;
}
probability ( Jnk | PKA, PKC ) {
  (0, 0) 0.3007518796992481, 0.20676691729323307, 0.4924812030075188;
  (0, 1) 0.5185185185185185, 0.46296296296296297, 0.018518518518518517;
  (0, 2) 0.25, 0.5, 0.25;
  (1, 0) 0.575, 0.42083333333333334, 0.004166666666666667;
  (1, 1) 0.6222222222222222, 0.3763888888888889, 0.001388888888888889;
  (1, 2) 0.05555555555555555, 0.9236111111111112, 0.020833333333333332;
  (2, 0) 0.9827586206896551, 0.011494252873563218, 0.005747126436781609;
  (2, 1) 0.8823529411764706, 0.058823529411764705, 0.058823529411764705;
  (2, 2) 0.25, 0.625, 0.125;
}
probability ( PKC | Mek, PKA ) {
  (0, 0) 0.7456140350877193, 0.24561403508771928, 0.008771929824561403;
  (0, 1) 0.2476489028213166, 0.5956112852664577, 0.15673981191222572;
  (0, 2) 0.8900523560209425, 0.07853403141361257, 0.031413612565445025;
  (1, 0) 0.21212121212121213, 0.7272727272727273, 0.06060606060606061;
  (1, 1) 0.17142857142857143, 0.734065934065934, 0.0945054945054945;
  (1, 2) 0.5, 0.25, 0.25;
  (2, 0) 0.9830508474576272, 0.011299435028248588, 0.005649717514124294;
  (2, 1) 0.36363636363636365, 0.5454545454545454, 0.09090909090909091;
  (2, 2) 0.5, 0.25, 0.25;
}
probability ( Raf ) {
  table 0.521875, 0.28125, 0.196875;
}
probability ( P38 | PKA, PKC ) {
  (0, 0) 0.31203007518796994, 0.08270676691729323, 0.6052631578947368;
  (0, 1) 0.6851851851851852, 0.2962962962962963, 0.018518518518518517;
  (0, 2) 0.5, 0.25, 0.25;
  (1, 0) 0.9083333333333333, 0.0875, 0.004166666666666667;
  (1, 1) 0.8319444444444445, 0.16666666666666666, 0.001388888888888889;
  (1, 2) 0.8125, 0.1736111111111111, 0.013888888888888888;
  (2, 0) 0.8103448275862069, 0.08620689655172414, 0.10344827586206896;
  (2, 1) 0.4117647058823529, 0.11764705882352941, 0.47058823529411764;
  (2, 2) 0.75, 0.125, 0.125;
}
probability ( PIP3 | Plcg ) {
  (0) 0.2081727062451812, 0.441017733230532, 0.3508095605242868;
  (1) 0.08633093525179857, 0.2302158273381295, 0.6834532374100719;
  (2) 0.43352601156069365, 0.4046242774566474, 0.16184971098265896;
}
probability ( PIP2 ) {
  table 0.84375, 0.09375, 0.0625;
}
probability ( Plcg | PIP2 ) {
  (0) 0.9223946784922394, 0.06430155210643015, 0.013303769401330377;
  (1) 0.29411764705882354, 0.3202614379084967, 0.38562091503267976;
  (2) 0.038834951456310676, 0.02912621359223301, 0.9320388349514563;
}
